(kicad_pcb (version 20171130) (host pcbnew 5.0.2+dfsg1-1~bpo9+1)

  (general
    (thickness 1.6)
    (drawings 122)
    (tracks 4165)
    (zones 0)
    (modules 106)
    (nets 232)
  )

  (page A4)
  (layers
    (0 F.Cu signal)
    (1 In1.Cu signal)
    (2 In2.Cu signal)
    (31 B.Cu signal)
    (32 B.Adhes user)
    (33 F.Adhes user)
    (34 B.Paste user)
    (35 F.Paste user)
    (36 B.SilkS user)
    (37 F.SilkS user)
    (38 B.Mask user)
    (39 F.Mask user)
    (40 Dwgs.User user)
    (41 Cmts.User user)
    (42 Eco1.User user)
    (43 Eco2.User user)
    (44 Edge.Cuts user)
    (45 Margin user)
    (46 B.CrtYd user)
    (47 F.CrtYd user)
    (48 B.Fab user)
    (49 F.Fab user)
  )

  (setup
    (last_trace_width 0.1524)
    (trace_clearance 0.1524)
    (zone_clearance 0.508)
    (zone_45_only no)
    (trace_min 0.1524)
    (segment_width 0.15)
    (edge_width 0.15)
    (via_size 0.8)
    (via_drill 0.4)
    (via_min_size 0.4)
    (via_min_drill 0.3)
    (uvia_size 0.3)
    (uvia_drill 0.1)
    (uvias_allowed no)
    (uvia_min_size 0.2)
    (uvia_min_drill 0.1)
    (pcb_text_width 0.3)
    (pcb_text_size 1.5 1.5)
    (mod_edge_width 0.15)
    (mod_text_size 1 1)
    (mod_text_width 0.15)
    (pad_size 1.06 0.65)
    (pad_drill 0)
    (pad_to_mask_clearance 0.051)
    (solder_mask_min_width 0.25)
    (aux_axis_origin 0 0)
    (visible_elements FFFFFF7F)
    (pcbplotparams
      (layerselection 0x010fc_ffffffff)
      (usegerberextensions false)
      (usegerberattributes false)
      (usegerberadvancedattributes false)
      (creategerberjobfile false)
      (excludeedgelayer true)
      (linewidth 0.100000)
      (plotframeref false)
      (viasonmask false)
      (mode 1)
      (useauxorigin false)
      (hpglpennumber 1)
      (hpglpenspeed 20)
      (hpglpendiameter 15.000000)
      (psnegative false)
      (psa4output false)
      (plotreference true)
      (plotvalue true)
      (plotinvisibletext false)
      (padsonsilk false)
      (subtractmaskfromsilk false)
      (outputformat 1)
      (mirror false)
      (drillshape 0)
      (scaleselection 1)
      (outputdirectory ""))
  )

  (net 0 "")
  (net 1 GND)
  (net 2 /B2B/JTAG_VIO)
  (net 3 +3V3)
  (net 4 +5V)
  (net 5 "Net-(JCD1-Pad1)")
  (net 6 "Net-(JCD1-Pad2)")
  (net 7 /B2B/RX)
  (net 8 /B2B/TX)
  (net 9 "Net-(J1-Pad14)")
  (net 10 "Net-(J1-Pad12)")
  (net 11 NUBUS_OE)
  (net 12 -12V)
  (net 13 SB0_5V)
  (net 14 ~RESET_5V)
  (net 15 ~SPV_5V)
  (net 16 ~SP_5V)
  (net 17 ~TM1_5V)
  (net 18 ~AD1_5V)
  (net 19 ~AD3_5V)
  (net 20 ~AD5_5V)
  (net 21 ~AD7_5V)
  (net 22 ~AD9_5V)
  (net 23 ~AD11_5V)
  (net 24 ~AD13_5V)
  (net 25 ~AD15_5V)
  (net 26 ~AD17_5V)
  (net 27 ~AD19_5V)
  (net 28 ~AD21_5V)
  (net 29 ~AD23_5V)
  (net 30 ~AD25_5V)
  (net 31 ~AD27_5V)
  (net 32 ~AD29_5V)
  (net 33 ~AD31_5V)
  (net 34 ~ARB1_5V)
  (net 35 ~ARB3_5V)
  (net 36 ~ID1_5V)
  (net 37 ~ID3_5V)
  (net 38 ~ACK_5V)
  (net 39 ~RQST_5V)
  (net 40 ~NMRQ_5V)
  (net 41 +12V)
  (net 42 ~TM2_5V)
  (net 43 ~CM0_5V)
  (net 44 ~CM1_5V)
  (net 45 ~CM2_5V)
  (net 46 STDBYPWR)
  (net 47 ~CLK2XEN_5V)
  (net 48 ~CBUSY_5V)
  (net 49 SB1_5V)
  (net 50 ~TM0_5V)
  (net 51 ~AD0_5V)
  (net 52 ~AD2_5V)
  (net 53 ~AD4_5V)
  (net 54 ~AD6_5V)
  (net 55 ~AD8_5V)
  (net 56 ~AD10_5V)
  (net 57 ~AD12_5V)
  (net 58 ~AD14_5V)
  (net 59 ~AD16_5V)
  (net 60 ~AD18_5V)
  (net 61 ~AD20_5V)
  (net 62 ~AD22_5V)
  (net 63 ~AD24_5V)
  (net 64 ~AD26_5V)
  (net 65 ~AD28_5V)
  (net 66 ~AD30_5V)
  (net 67 ~PFW_5V)
  (net 68 ~ARB0_5V)
  (net 69 ~ARB2_5V)
  (net 70 ~ID0_5V)
  (net 71 ~ID2_5V)
  (net 72 ~START_5V)
  (net 73 ~CLK_5V)
  (net 74 ~ID3_3V3)
  (net 75 ~ID2_3V3)
  (net 76 ~ID1_3V3)
  (net 77 ~ID0_3V3)
  (net 78 ~CLK_3V3)
  (net 79 ~RQST_3V3)
  (net 80 ~CLK2X_5V)
  (net 81 ~START_3V3)
  (net 82 ~ACK_3V3)
  (net 83 ~AD31_3V3)
  (net 84 ~AD30_3V3)
  (net 85 ~AD29_3V3)
  (net 86 ~AD28_3V3)
  (net 87 ~AD27_3V3)
  (net 88 ~AD26_3V3)
  (net 89 ~AD25_3V3)
  (net 90 ~AD24_3V3)
  (net 91 ~AD23_3V3)
  (net 92 ~AD22_3V3)
  (net 93 ~AD21_3V3)
  (net 94 ~AD20_3V3)
  (net 95 ~RESET_3V3)
  (net 96 ~TM0_3V3)
  (net 97 ~TM1_3V3)
  (net 98 ~AD0_3V3)
  (net 99 ~AD1_3V3)
  (net 100 ~AD2_3V3)
  (net 101 ~AD3_3V3)
  (net 102 ~AD4_3V3)
  (net 103 ~AD5_3V3)
  (net 104 ~AD6_3V3)
  (net 105 ~AD7_3V3)
  (net 106 ~AD9_3V3)
  (net 107 ~AD8_3V3)
  (net 108 ~AD11_3V3)
  (net 109 ~AD10_3V3)
  (net 110 ~AD13_3V3)
  (net 111 ~AD12_3V3)
  (net 112 ~AD15_3V3)
  (net 113 ~AD14_3V3)
  (net 114 ~AD17_3V3)
  (net 115 ~AD16_3V3)
  (net 116 ~AD19_3V3)
  (net 117 ~AD18_3V3)
  (net 118 SHIELD)
  (net 119 HDMI_CEC_A)
  (net 120 HDMI_SCL_A)
  (net 121 HDMI_SDA_A)
  (net 122 HDMI_HPD_A)
  (net 123 HDMI_5V)
  (net 124 HDMI_CLK-)
  (net 125 HDMI_CLK+)
  (net 126 HDMI_D0-)
  (net 127 HDMI_D0+)
  (net 128 HDMI_D1-)
  (net 129 HDMI_D1+)
  (net 130 HDMI_D2-)
  (net 131 HDMI_D2+)
  (net 132 LED0)
  (net 133 "Net-(D2-Pad2)")
  (net 134 "Net-(D3-Pad2)")
  (net 135 LED1)
  (net 136 /usb/USB_FLT)
  (net 137 /usb/USB_D+)
  (net 138 /usb/USB_EN)
  (net 139 /usb/USB_D-)
  (net 140 USBH0_D-)
  (net 141 USBH0_D+)
  (net 142 /usb/VBus)
  (net 143 /usb/VBus_USB0)
  (net 144 /hdmi/cec_b)
  (net 145 /hdmi/scl_b)
  (net 146 /hdmi/sda_b)
  (net 147 /hdmi/hpd_b)
  (net 148 ARB)
  (net 149 NUBUS_AD_DIR)
  (net 150 NUBUS_MASTER_DIR)
  (net 151 CPLD_JTAG_TDI)
  (net 152 CPLD_JTAG_TDO)
  (net 153 CPLD_JTAG_TMS)
  (net 154 CPLD_JTAG_TCK)
  (net 155 FPGA_JTAG_TDO)
  (net 156 FPGA_JTAG_TCK)
  (net 157 FPGA_JTAG_TDI)
  (net 158 FPGA_JTAG_TMS)
  (net 159 fpga_to_cpld_clk)
  (net 160 GRANT)
  (net 161 tmoen)
  (net 162 fpga_to_cpld_signal)
  (net 163 "Net-(J5-Pad14)")
  (net 164 "Net-(J6-Pad4)")
  (net 165 "Net-(D6-Pad2)")
  (net 166 "Net-(D7-Pad2)")
  (net 167 "Net-(D8-Pad2)")
  (net 168 "Net-(D1-Pad2)")
  (net 169 "Net-(D10-Pad2)")
  (net 170 "Net-(D11-Pad2)")
  (net 171 "Net-(D12-Pad2)")
  (net 172 "Net-(D13-Pad2)")
  (net 173 "Net-(D15-Pad2)")
  (net 174 "Net-(D14-Pad2)")
  (net 175 "Net-(D16-Pad2)")
  (net 176 fpga_to_cpld_signal_2)
  (net 177 ~CLK2X_3V3)
  (net 178 ~TM2_3V3)
  (net 179 ARB0_o_n)
  (net 180 ARB1_o_n)
  (net 181 ARB3_o_n)
  (net 182 ARB2_o_n)
  (net 183 ~NMRQ_3V3)
  (net 184 RQST_o_n)
  (net 185 "Net-(D4-Pad2)")
  (net 186 START_o_n)
  (net 187 START_oe_n)
  (net 188 ACK_o_n)
  (net 189 ACK_oe_n)
  (net 190 TMx_oe_n)
  (net 191 TM1_n_o)
  (net 192 TM0_n_o)
  (net 193 "Net-(D9-Pad2)")
  (net 194 TM2_o_n)
  (net 195 TM2_oe_n)
  (net 196 "Net-(D5-Pad2)")
  (net 197 "Net-(U10-Pad1)")
  (net 198 "Net-(U10-Pad3)")
  (net 199 "Net-(U2-Pad11)")
  (net 200 "Net-(J2-Pad12)")
  (net 201 "Net-(J2-Pad14)")
  (net 202 "Net-(J3-Pad6)")
  (net 203 "Net-(J3-Pad3)")
  (net 204 "Net-(J3-Pad2)")
  (net 205 "Net-(JCD1-Pad20)")
  (net 206 "Net-(JCD1-Pad22)")
  (net 207 "Net-(JCD1-Pad29)")
  (net 208 "Net-(JCD1-Pad37)")
  (net 209 "Net-(JCD1-Pad38)")
  (net 210 "Net-(JCD1-Pad39)")
  (net 211 "Net-(JCD1-Pad40)")
  (net 212 "Net-(JCD1-Pad41)")
  (net 213 "Net-(JCD1-Pad42)")
  (net 214 "Net-(JCD1-Pad43)")
  (net 215 "Net-(JCD1-Pad44)")
  (net 216 "Net-(JCD1-Pad45)")
  (net 217 "Net-(JCD1-Pad46)")
  (net 218 "Net-(JCD1-Pad47)")
  (net 219 "Net-(JCD1-Pad48)")
  (net 220 "Net-(JCD1-Pad49)")
  (net 221 "Net-(JCD1-Pad50)")
  (net 222 "Net-(JCD1-Pad51)")
  (net 223 "Net-(JCD1-Pad52)")
  (net 224 "Net-(JCD1-Pad53)")
  (net 225 "Net-(JCD1-Pad54)")
  (net 226 "Net-(JCD1-Pad55)")
  (net 227 "Net-(JCD1-Pad56)")
  (net 228 "Net-(JCD1-Pad57)")
  (net 229 "Net-(JCD1-Pad58)")
  (net 230 "Net-(JCD1-Pad59)")
  (net 231 "Net-(JCD1-Pad60)")

  (net_class Default "This is the default net class."
    (clearance 0.1524)
    (trace_width 0.1524)
    (via_dia 0.8)
    (via_drill 0.4)
    (uvia_dia 0.3)
    (uvia_drill 0.1)
    (diff_pair_gap 0.1524)
    (diff_pair_width 0.1524)
    (add_net +12V)
    (add_net +3V3)
    (add_net +5V)
    (add_net -12V)
    (add_net /B2B/JTAG_VIO)
    (add_net /B2B/RX)
    (add_net /B2B/TX)
    (add_net /hdmi/cec_b)
    (add_net /hdmi/hpd_b)
    (add_net /hdmi/scl_b)
    (add_net /hdmi/sda_b)
    (add_net /usb/USB_D+)
    (add_net /usb/USB_D-)
    (add_net /usb/USB_EN)
    (add_net /usb/USB_FLT)
    (add_net /usb/VBus)
    (add_net /usb/VBus_USB0)
    (add_net ACK_o_n)
    (add_net ACK_oe_n)
    (add_net ARB)
    (add_net ARB0_o_n)
    (add_net ARB1_o_n)
    (add_net ARB2_o_n)
    (add_net ARB3_o_n)
    (add_net CPLD_JTAG_TCK)
    (add_net CPLD_JTAG_TDI)
    (add_net CPLD_JTAG_TDO)
    (add_net CPLD_JTAG_TMS)
    (add_net FPGA_JTAG_TCK)
    (add_net FPGA_JTAG_TDI)
    (add_net FPGA_JTAG_TDO)
    (add_net FPGA_JTAG_TMS)
    (add_net GND)
    (add_net GRANT)
    (add_net HDMI_5V)
    (add_net HDMI_CEC_A)
    (add_net HDMI_CLK+)
    (add_net HDMI_CLK-)
    (add_net HDMI_D0+)
    (add_net HDMI_D0-)
    (add_net HDMI_D1+)
    (add_net HDMI_D1-)
    (add_net HDMI_D2+)
    (add_net HDMI_D2-)
    (add_net HDMI_HPD_A)
    (add_net HDMI_SCL_A)
    (add_net HDMI_SDA_A)
    (add_net LED0)
    (add_net LED1)
    (add_net NUBUS_AD_DIR)
    (add_net NUBUS_MASTER_DIR)
    (add_net NUBUS_OE)
    (add_net "Net-(D1-Pad2)")
    (add_net "Net-(D10-Pad2)")
    (add_net "Net-(D11-Pad2)")
    (add_net "Net-(D12-Pad2)")
    (add_net "Net-(D13-Pad2)")
    (add_net "Net-(D14-Pad2)")
    (add_net "Net-(D15-Pad2)")
    (add_net "Net-(D16-Pad2)")
    (add_net "Net-(D2-Pad2)")
    (add_net "Net-(D3-Pad2)")
    (add_net "Net-(D4-Pad2)")
    (add_net "Net-(D5-Pad2)")
    (add_net "Net-(D6-Pad2)")
    (add_net "Net-(D7-Pad2)")
    (add_net "Net-(D8-Pad2)")
    (add_net "Net-(D9-Pad2)")
    (add_net "Net-(J1-Pad12)")
    (add_net "Net-(J1-Pad14)")
    (add_net "Net-(J2-Pad12)")
    (add_net "Net-(J2-Pad14)")
    (add_net "Net-(J3-Pad2)")
    (add_net "Net-(J3-Pad3)")
    (add_net "Net-(J3-Pad6)")
    (add_net "Net-(J5-Pad14)")
    (add_net "Net-(J6-Pad4)")
    (add_net "Net-(JCD1-Pad1)")
    (add_net "Net-(JCD1-Pad2)")
    (add_net "Net-(JCD1-Pad20)")
    (add_net "Net-(JCD1-Pad22)")
    (add_net "Net-(JCD1-Pad29)")
    (add_net "Net-(JCD1-Pad37)")
    (add_net "Net-(JCD1-Pad38)")
    (add_net "Net-(JCD1-Pad39)")
    (add_net "Net-(JCD1-Pad40)")
    (add_net "Net-(JCD1-Pad41)")
    (add_net "Net-(JCD1-Pad42)")
    (add_net "Net-(JCD1-Pad43)")
    (add_net "Net-(JCD1-Pad44)")
    (add_net "Net-(JCD1-Pad45)")
    (add_net "Net-(JCD1-Pad46)")
    (add_net "Net-(JCD1-Pad47)")
    (add_net "Net-(JCD1-Pad48)")
    (add_net "Net-(JCD1-Pad49)")
    (add_net "Net-(JCD1-Pad50)")
    (add_net "Net-(JCD1-Pad51)")
    (add_net "Net-(JCD1-Pad52)")
    (add_net "Net-(JCD1-Pad53)")
    (add_net "Net-(JCD1-Pad54)")
    (add_net "Net-(JCD1-Pad55)")
    (add_net "Net-(JCD1-Pad56)")
    (add_net "Net-(JCD1-Pad57)")
    (add_net "Net-(JCD1-Pad58)")
    (add_net "Net-(JCD1-Pad59)")
    (add_net "Net-(JCD1-Pad60)")
    (add_net "Net-(U10-Pad1)")
    (add_net "Net-(U10-Pad3)")
    (add_net "Net-(U2-Pad11)")
    (add_net RQST_o_n)
    (add_net SB0_5V)
    (add_net SB1_5V)
    (add_net SHIELD)
    (add_net START_o_n)
    (add_net START_oe_n)
    (add_net STDBYPWR)
    (add_net TM0_n_o)
    (add_net TM1_n_o)
    (add_net TM2_o_n)
    (add_net TM2_oe_n)
    (add_net TMx_oe_n)
    (add_net USBH0_D+)
    (add_net USBH0_D-)
    (add_net fpga_to_cpld_clk)
    (add_net fpga_to_cpld_signal)
    (add_net fpga_to_cpld_signal_2)
    (add_net tmoen)
    (add_net ~ACK_3V3)
    (add_net ~ACK_5V)
    (add_net ~AD0_3V3)
    (add_net ~AD0_5V)
    (add_net ~AD10_3V3)
    (add_net ~AD10_5V)
    (add_net ~AD11_3V3)
    (add_net ~AD11_5V)
    (add_net ~AD12_3V3)
    (add_net ~AD12_5V)
    (add_net ~AD13_3V3)
    (add_net ~AD13_5V)
    (add_net ~AD14_3V3)
    (add_net ~AD14_5V)
    (add_net ~AD15_3V3)
    (add_net ~AD15_5V)
    (add_net ~AD16_3V3)
    (add_net ~AD16_5V)
    (add_net ~AD17_3V3)
    (add_net ~AD17_5V)
    (add_net ~AD18_3V3)
    (add_net ~AD18_5V)
    (add_net ~AD19_3V3)
    (add_net ~AD19_5V)
    (add_net ~AD1_3V3)
    (add_net ~AD1_5V)
    (add_net ~AD20_3V3)
    (add_net ~AD20_5V)
    (add_net ~AD21_3V3)
    (add_net ~AD21_5V)
    (add_net ~AD22_3V3)
    (add_net ~AD22_5V)
    (add_net ~AD23_3V3)
    (add_net ~AD23_5V)
    (add_net ~AD24_3V3)
    (add_net ~AD24_5V)
    (add_net ~AD25_3V3)
    (add_net ~AD25_5V)
    (add_net ~AD26_3V3)
    (add_net ~AD26_5V)
    (add_net ~AD27_3V3)
    (add_net ~AD27_5V)
    (add_net ~AD28_3V3)
    (add_net ~AD28_5V)
    (add_net ~AD29_3V3)
    (add_net ~AD29_5V)
    (add_net ~AD2_3V3)
    (add_net ~AD2_5V)
    (add_net ~AD30_3V3)
    (add_net ~AD30_5V)
    (add_net ~AD31_3V3)
    (add_net ~AD31_5V)
    (add_net ~AD3_3V3)
    (add_net ~AD3_5V)
    (add_net ~AD4_3V3)
    (add_net ~AD4_5V)
    (add_net ~AD5_3V3)
    (add_net ~AD5_5V)
    (add_net ~AD6_3V3)
    (add_net ~AD6_5V)
    (add_net ~AD7_3V3)
    (add_net ~AD7_5V)
    (add_net ~AD8_3V3)
    (add_net ~AD8_5V)
    (add_net ~AD9_3V3)
    (add_net ~AD9_5V)
    (add_net ~ARB0_5V)
    (add_net ~ARB1_5V)
    (add_net ~ARB2_5V)
    (add_net ~ARB3_5V)
    (add_net ~CBUSY_5V)
    (add_net ~CLK2XEN_5V)
    (add_net ~CLK2X_3V3)
    (add_net ~CLK2X_5V)
    (add_net ~CLK_3V3)
    (add_net ~CLK_5V)
    (add_net ~CM0_5V)
    (add_net ~CM1_5V)
    (add_net ~CM2_5V)
    (add_net ~ID0_3V3)
    (add_net ~ID0_5V)
    (add_net ~ID1_3V3)
    (add_net ~ID1_5V)
    (add_net ~ID2_3V3)
    (add_net ~ID2_5V)
    (add_net ~ID3_3V3)
    (add_net ~ID3_5V)
    (add_net ~NMRQ_3V3)
    (add_net ~NMRQ_5V)
    (add_net ~PFW_5V)
    (add_net ~RESET_3V3)
    (add_net ~RESET_5V)
    (add_net ~RQST_3V3)
    (add_net ~RQST_5V)
    (add_net ~SPV_5V)
    (add_net ~SP_5V)
    (add_net ~START_3V3)
    (add_net ~START_5V)
    (add_net ~TM0_3V3)
    (add_net ~TM0_5V)
    (add_net ~TM1_3V3)
    (add_net ~TM1_5V)
    (add_net ~TM2_3V3)
    (add_net ~TM2_5V)
  )

  (module Resistor_SMD:R_0603_1608Metric (layer F.Cu) (tedit 5B301BBD) (tstamp 61E993C2)
    (at 114.4 83.7 180)
    (descr "Resistor SMD 0603 (1608 Metric), square (rectangular) end terminal, IPC_7351 nominal, (Body size source: http://www.tortai-tech.com/upload/download/2011102023233369053.pdf), generated with kicad-footprint-generator")
    (tags resistor)
    (path /618F532C/621BDDCB)
    (attr smd)
    (fp_text reference R36 (at 0.7 1.5 180) (layer F.SilkS)
      (effects (font (size 1 1) (thickness 0.15)))
    )
    (fp_text value 10k (at 0 1.43 180) (layer F.Fab)
      (effects (font (size 1 1) (thickness 0.15)))
    )
    (fp_text user %R (at 0 0 180) (layer F.Fab)
      (effects (font (size 0.4 0.4) (thickness 0.06)))
    )
    (fp_line (start 1.48 0.73) (end -1.48 0.73) (layer F.CrtYd) (width 0.05))
    (fp_line (start 1.48 -0.73) (end 1.48 0.73) (layer F.CrtYd) (width 0.05))
    (fp_line (start -1.48 -0.73) (end 1.48 -0.73) (layer F.CrtYd) (width 0.05))
    (fp_line (start -1.48 0.73) (end -1.48 -0.73) (layer F.CrtYd) (width 0.05))
    (fp_line (start -0.162779 0.51) (end 0.162779 0.51) (layer F.SilkS) (width 0.12))
    (fp_line (start -0.162779 -0.51) (end 0.162779 -0.51) (layer F.SilkS) (width 0.12))
    (fp_line (start 0.8 0.4) (end -0.8 0.4) (layer F.Fab) (width 0.1))
    (fp_line (start 0.8 -0.4) (end 0.8 0.4) (layer F.Fab) (width 0.1))
    (fp_line (start -0.8 -0.4) (end 0.8 -0.4) (layer F.Fab) (width 0.1))
    (fp_line (start -0.8 0.4) (end -0.8 -0.4) (layer F.Fab) (width 0.1))
    (pad 2 smd roundrect (at 0.7875 0 180) (size 0.875 0.95) (layers F.Cu F.Paste F.Mask) (roundrect_rratio 0.25)
      (net 183 ~NMRQ_3V3))
    (pad 1 smd roundrect (at -0.7875 0 180) (size 0.875 0.95) (layers F.Cu F.Paste F.Mask) (roundrect_rratio 0.25)
      (net 3 +3V3))
    (model ${KISYS3DMOD}/Resistor_SMD.3dshapes/R_0603_1608Metric.wrl
      (at (xyz 0 0 0))
      (scale (xyz 1 1 1))
      (rotate (xyz 0 0 0))
    )
  )

  (module Resistor_SMD:R_0603_1608Metric (layer F.Cu) (tedit 5B301BBD) (tstamp 61E993B1)
    (at 120.3 79.8)
    (descr "Resistor SMD 0603 (1608 Metric), square (rectangular) end terminal, IPC_7351 nominal, (Body size source: http://www.tortai-tech.com/upload/download/2011102023233369053.pdf), generated with kicad-footprint-generator")
    (tags resistor)
    (path /618F532C/621C4817)
    (attr smd)
    (fp_text reference R37 (at 0 -1.43) (layer F.SilkS)
      (effects (font (size 1 1) (thickness 0.15)))
    )
    (fp_text value 10k (at 0 1.43) (layer F.Fab)
      (effects (font (size 1 1) (thickness 0.15)))
    )
    (fp_line (start -0.8 0.4) (end -0.8 -0.4) (layer F.Fab) (width 0.1))
    (fp_line (start -0.8 -0.4) (end 0.8 -0.4) (layer F.Fab) (width 0.1))
    (fp_line (start 0.8 -0.4) (end 0.8 0.4) (layer F.Fab) (width 0.1))
    (fp_line (start 0.8 0.4) (end -0.8 0.4) (layer F.Fab) (width 0.1))
    (fp_line (start -0.162779 -0.51) (end 0.162779 -0.51) (layer F.SilkS) (width 0.12))
    (fp_line (start -0.162779 0.51) (end 0.162779 0.51) (layer F.SilkS) (width 0.12))
    (fp_line (start -1.48 0.73) (end -1.48 -0.73) (layer F.CrtYd) (width 0.05))
    (fp_line (start -1.48 -0.73) (end 1.48 -0.73) (layer F.CrtYd) (width 0.05))
    (fp_line (start 1.48 -0.73) (end 1.48 0.73) (layer F.CrtYd) (width 0.05))
    (fp_line (start 1.48 0.73) (end -1.48 0.73) (layer F.CrtYd) (width 0.05))
    (fp_text user %R (at 0 0) (layer F.Fab)
      (effects (font (size 0.4 0.4) (thickness 0.06)))
    )
    (pad 1 smd roundrect (at -0.7875 0) (size 0.875 0.95) (layers F.Cu F.Paste F.Mask) (roundrect_rratio 0.25)
      (net 3 +3V3))
    (pad 2 smd roundrect (at 0.7875 0) (size 0.875 0.95) (layers F.Cu F.Paste F.Mask) (roundrect_rratio 0.25)
      (net 184 RQST_o_n))
    (model ${KISYS3DMOD}/Resistor_SMD.3dshapes/R_0603_1608Metric.wrl
      (at (xyz 0 0 0))
      (scale (xyz 1 1 1))
      (rotate (xyz 0 0 0))
    )
  )

  (module Resistor_SMD:R_0603_1608Metric (layer F.Cu) (tedit 5B301BBD) (tstamp 61E9CD0B)
    (at 125.5 83.3 180)
    (descr "Resistor SMD 0603 (1608 Metric), square (rectangular) end terminal, IPC_7351 nominal, (Body size source: http://www.tortai-tech.com/upload/download/2011102023233369053.pdf), generated with kicad-footprint-generator")
    (tags resistor)
    (path /618F532C/621C7B16)
    (attr smd)
    (fp_text reference R38 (at 0 -1.43 180) (layer F.SilkS)
      (effects (font (size 1 1) (thickness 0.15)))
    )
    (fp_text value 10k (at 0 1.43 180) (layer F.Fab)
      (effects (font (size 1 1) (thickness 0.15)))
    )
    (fp_text user %R (at 0 0 180) (layer F.Fab)
      (effects (font (size 0.4 0.4) (thickness 0.06)))
    )
    (fp_line (start 1.48 0.73) (end -1.48 0.73) (layer F.CrtYd) (width 0.05))
    (fp_line (start 1.48 -0.73) (end 1.48 0.73) (layer F.CrtYd) (width 0.05))
    (fp_line (start -1.48 -0.73) (end 1.48 -0.73) (layer F.CrtYd) (width 0.05))
    (fp_line (start -1.48 0.73) (end -1.48 -0.73) (layer F.CrtYd) (width 0.05))
    (fp_line (start -0.162779 0.51) (end 0.162779 0.51) (layer F.SilkS) (width 0.12))
    (fp_line (start -0.162779 -0.51) (end 0.162779 -0.51) (layer F.SilkS) (width 0.12))
    (fp_line (start 0.8 0.4) (end -0.8 0.4) (layer F.Fab) (width 0.1))
    (fp_line (start 0.8 -0.4) (end 0.8 0.4) (layer F.Fab) (width 0.1))
    (fp_line (start -0.8 -0.4) (end 0.8 -0.4) (layer F.Fab) (width 0.1))
    (fp_line (start -0.8 0.4) (end -0.8 -0.4) (layer F.Fab) (width 0.1))
    (pad 2 smd roundrect (at 0.7875 0 180) (size 0.875 0.95) (layers F.Cu F.Paste F.Mask) (roundrect_rratio 0.25)
      (net 187 START_oe_n))
    (pad 1 smd roundrect (at -0.7875 0 180) (size 0.875 0.95) (layers F.Cu F.Paste F.Mask) (roundrect_rratio 0.25)
      (net 3 +3V3))
    (model ${KISYS3DMOD}/Resistor_SMD.3dshapes/R_0603_1608Metric.wrl
      (at (xyz 0 0 0))
      (scale (xyz 1 1 1))
      (rotate (xyz 0 0 0))
    )
  )

  (module Resistor_SMD:R_0603_1608Metric (layer F.Cu) (tedit 5B301BBD) (tstamp 61E9938F)
    (at 121.4 82.7)
    (descr "Resistor SMD 0603 (1608 Metric), square (rectangular) end terminal, IPC_7351 nominal, (Body size source: http://www.tortai-tech.com/upload/download/2011102023233369053.pdf), generated with kicad-footprint-generator")
    (tags resistor)
    (path /618F532C/621CAE13)
    (attr smd)
    (fp_text reference R39 (at 0 -1.43) (layer F.SilkS)
      (effects (font (size 1 1) (thickness 0.15)))
    )
    (fp_text value 10k (at 0 1.43) (layer F.Fab)
      (effects (font (size 1 1) (thickness 0.15)))
    )
    (fp_line (start -0.8 0.4) (end -0.8 -0.4) (layer F.Fab) (width 0.1))
    (fp_line (start -0.8 -0.4) (end 0.8 -0.4) (layer F.Fab) (width 0.1))
    (fp_line (start 0.8 -0.4) (end 0.8 0.4) (layer F.Fab) (width 0.1))
    (fp_line (start 0.8 0.4) (end -0.8 0.4) (layer F.Fab) (width 0.1))
    (fp_line (start -0.162779 -0.51) (end 0.162779 -0.51) (layer F.SilkS) (width 0.12))
    (fp_line (start -0.162779 0.51) (end 0.162779 0.51) (layer F.SilkS) (width 0.12))
    (fp_line (start -1.48 0.73) (end -1.48 -0.73) (layer F.CrtYd) (width 0.05))
    (fp_line (start -1.48 -0.73) (end 1.48 -0.73) (layer F.CrtYd) (width 0.05))
    (fp_line (start 1.48 -0.73) (end 1.48 0.73) (layer F.CrtYd) (width 0.05))
    (fp_line (start 1.48 0.73) (end -1.48 0.73) (layer F.CrtYd) (width 0.05))
    (fp_text user %R (at 0 0) (layer F.Fab)
      (effects (font (size 0.4 0.4) (thickness 0.06)))
    )
    (pad 1 smd roundrect (at -0.7875 0) (size 0.875 0.95) (layers F.Cu F.Paste F.Mask) (roundrect_rratio 0.25)
      (net 3 +3V3))
    (pad 2 smd roundrect (at 0.7875 0) (size 0.875 0.95) (layers F.Cu F.Paste F.Mask) (roundrect_rratio 0.25)
      (net 189 ACK_oe_n))
    (model ${KISYS3DMOD}/Resistor_SMD.3dshapes/R_0603_1608Metric.wrl
      (at (xyz 0 0 0))
      (scale (xyz 1 1 1))
      (rotate (xyz 0 0 0))
    )
  )

  (module Resistor_SMD:R_0603_1608Metric (layer F.Cu) (tedit 5B301BBD) (tstamp 61E9937E)
    (at 182.1 85.1 90)
    (descr "Resistor SMD 0603 (1608 Metric), square (rectangular) end terminal, IPC_7351 nominal, (Body size source: http://www.tortai-tech.com/upload/download/2011102023233369053.pdf), generated with kicad-footprint-generator")
    (tags resistor)
    (path /618F532C/621CE10E)
    (attr smd)
    (fp_text reference R40 (at -0.8 -1.4 90) (layer F.SilkS)
      (effects (font (size 1 1) (thickness 0.15)))
    )
    (fp_text value 10k (at 0 1.43 90) (layer F.Fab)
      (effects (font (size 1 1) (thickness 0.15)))
    )
    (fp_text user %R (at 0 0 90) (layer F.Fab)
      (effects (font (size 0.4 0.4) (thickness 0.06)))
    )
    (fp_line (start 1.48 0.73) (end -1.48 0.73) (layer F.CrtYd) (width 0.05))
    (fp_line (start 1.48 -0.73) (end 1.48 0.73) (layer F.CrtYd) (width 0.05))
    (fp_line (start -1.48 -0.73) (end 1.48 -0.73) (layer F.CrtYd) (width 0.05))
    (fp_line (start -1.48 0.73) (end -1.48 -0.73) (layer F.CrtYd) (width 0.05))
    (fp_line (start -0.162779 0.51) (end 0.162779 0.51) (layer F.SilkS) (width 0.12))
    (fp_line (start -0.162779 -0.51) (end 0.162779 -0.51) (layer F.SilkS) (width 0.12))
    (fp_line (start 0.8 0.4) (end -0.8 0.4) (layer F.Fab) (width 0.1))
    (fp_line (start 0.8 -0.4) (end 0.8 0.4) (layer F.Fab) (width 0.1))
    (fp_line (start -0.8 -0.4) (end 0.8 -0.4) (layer F.Fab) (width 0.1))
    (fp_line (start -0.8 0.4) (end -0.8 -0.4) (layer F.Fab) (width 0.1))
    (pad 2 smd roundrect (at 0.7875 0 90) (size 0.875 0.95) (layers F.Cu F.Paste F.Mask) (roundrect_rratio 0.25)
      (net 190 TMx_oe_n))
    (pad 1 smd roundrect (at -0.7875 0 90) (size 0.875 0.95) (layers F.Cu F.Paste F.Mask) (roundrect_rratio 0.25)
      (net 3 +3V3))
    (model ${KISYS3DMOD}/Resistor_SMD.3dshapes/R_0603_1608Metric.wrl
      (at (xyz 0 0 0))
      (scale (xyz 1 1 1))
      (rotate (xyz 0 0 0))
    )
  )

  (module Resistor_SMD:R_0603_1608Metric (layer F.Cu) (tedit 5B301BBD) (tstamp 61E9936D)
    (at 186.1 71.3 180)
    (descr "Resistor SMD 0603 (1608 Metric), square (rectangular) end terminal, IPC_7351 nominal, (Body size source: http://www.tortai-tech.com/upload/download/2011102023233369053.pdf), generated with kicad-footprint-generator")
    (tags resistor)
    (path /618F532C/621D1407)
    (attr smd)
    (fp_text reference R41 (at 0.1 1.5 180) (layer F.SilkS)
      (effects (font (size 1 1) (thickness 0.15)))
    )
    (fp_text value 10k (at 0 1.43 180) (layer F.Fab)
      (effects (font (size 1 1) (thickness 0.15)))
    )
    (fp_line (start -0.8 0.4) (end -0.8 -0.4) (layer F.Fab) (width 0.1))
    (fp_line (start -0.8 -0.4) (end 0.8 -0.4) (layer F.Fab) (width 0.1))
    (fp_line (start 0.8 -0.4) (end 0.8 0.4) (layer F.Fab) (width 0.1))
    (fp_line (start 0.8 0.4) (end -0.8 0.4) (layer F.Fab) (width 0.1))
    (fp_line (start -0.162779 -0.51) (end 0.162779 -0.51) (layer F.SilkS) (width 0.12))
    (fp_line (start -0.162779 0.51) (end 0.162779 0.51) (layer F.SilkS) (width 0.12))
    (fp_line (start -1.48 0.73) (end -1.48 -0.73) (layer F.CrtYd) (width 0.05))
    (fp_line (start -1.48 -0.73) (end 1.48 -0.73) (layer F.CrtYd) (width 0.05))
    (fp_line (start 1.48 -0.73) (end 1.48 0.73) (layer F.CrtYd) (width 0.05))
    (fp_line (start 1.48 0.73) (end -1.48 0.73) (layer F.CrtYd) (width 0.05))
    (fp_text user %R (at 0 0 180) (layer F.Fab)
      (effects (font (size 0.4 0.4) (thickness 0.06)))
    )
    (pad 1 smd roundrect (at -0.7875 0 180) (size 0.875 0.95) (layers F.Cu F.Paste F.Mask) (roundrect_rratio 0.25)
      (net 3 +3V3))
    (pad 2 smd roundrect (at 0.7875 0 180) (size 0.875 0.95) (layers F.Cu F.Paste F.Mask) (roundrect_rratio 0.25)
      (net 195 TM2_oe_n))
    (model ${KISYS3DMOD}/Resistor_SMD.3dshapes/R_0603_1608Metric.wrl
      (at (xyz 0 0 0))
      (scale (xyz 1 1 1))
      (rotate (xyz 0 0 0))
    )
  )

  (module Resistor_SMD:R_0603_1608Metric (layer F.Cu) (tedit 5B301BBD) (tstamp 61E9935C)
    (at 143 84.9 180)
    (descr "Resistor SMD 0603 (1608 Metric), square (rectangular) end terminal, IPC_7351 nominal, (Body size source: http://www.tortai-tech.com/upload/download/2011102023233369053.pdf), generated with kicad-footprint-generator")
    (tags resistor)
    (path /618F532C/621D4704)
    (attr smd)
    (fp_text reference R42 (at 0 -1.43 180) (layer F.SilkS)
      (effects (font (size 1 1) (thickness 0.15)))
    )
    (fp_text value 10k (at 0 1.43 180) (layer F.Fab)
      (effects (font (size 1 1) (thickness 0.15)))
    )
    (fp_text user %R (at 0 0 180) (layer F.Fab)
      (effects (font (size 0.4 0.4) (thickness 0.06)))
    )
    (fp_line (start 1.48 0.73) (end -1.48 0.73) (layer F.CrtYd) (width 0.05))
    (fp_line (start 1.48 -0.73) (end 1.48 0.73) (layer F.CrtYd) (width 0.05))
    (fp_line (start -1.48 -0.73) (end 1.48 -0.73) (layer F.CrtYd) (width 0.05))
    (fp_line (start -1.48 0.73) (end -1.48 -0.73) (layer F.CrtYd) (width 0.05))
    (fp_line (start -0.162779 0.51) (end 0.162779 0.51) (layer F.SilkS) (width 0.12))
    (fp_line (start -0.162779 -0.51) (end 0.162779 -0.51) (layer F.SilkS) (width 0.12))
    (fp_line (start 0.8 0.4) (end -0.8 0.4) (layer F.Fab) (width 0.1))
    (fp_line (start 0.8 -0.4) (end 0.8 0.4) (layer F.Fab) (width 0.1))
    (fp_line (start -0.8 -0.4) (end 0.8 -0.4) (layer F.Fab) (width 0.1))
    (fp_line (start -0.8 0.4) (end -0.8 -0.4) (layer F.Fab) (width 0.1))
    (pad 2 smd roundrect (at 0.7875 0 180) (size 0.875 0.95) (layers F.Cu F.Paste F.Mask) (roundrect_rratio 0.25)
      (net 179 ARB0_o_n))
    (pad 1 smd roundrect (at -0.7875 0 180) (size 0.875 0.95) (layers F.Cu F.Paste F.Mask) (roundrect_rratio 0.25)
      (net 3 +3V3))
    (model ${KISYS3DMOD}/Resistor_SMD.3dshapes/R_0603_1608Metric.wrl
      (at (xyz 0 0 0))
      (scale (xyz 1 1 1))
      (rotate (xyz 0 0 0))
    )
  )

  (module Resistor_SMD:R_0603_1608Metric (layer F.Cu) (tedit 5B301BBD) (tstamp 61E9934B)
    (at 144.6 83.2)
    (descr "Resistor SMD 0603 (1608 Metric), square (rectangular) end terminal, IPC_7351 nominal, (Body size source: http://www.tortai-tech.com/upload/download/2011102023233369053.pdf), generated with kicad-footprint-generator")
    (tags resistor)
    (path /618F532C/621D7A01)
    (attr smd)
    (fp_text reference R43 (at 0 -1.43) (layer F.SilkS)
      (effects (font (size 1 1) (thickness 0.15)))
    )
    (fp_text value 10k (at 0 1.43) (layer F.Fab)
      (effects (font (size 1 1) (thickness 0.15)))
    )
    (fp_line (start -0.8 0.4) (end -0.8 -0.4) (layer F.Fab) (width 0.1))
    (fp_line (start -0.8 -0.4) (end 0.8 -0.4) (layer F.Fab) (width 0.1))
    (fp_line (start 0.8 -0.4) (end 0.8 0.4) (layer F.Fab) (width 0.1))
    (fp_line (start 0.8 0.4) (end -0.8 0.4) (layer F.Fab) (width 0.1))
    (fp_line (start -0.162779 -0.51) (end 0.162779 -0.51) (layer F.SilkS) (width 0.12))
    (fp_line (start -0.162779 0.51) (end 0.162779 0.51) (layer F.SilkS) (width 0.12))
    (fp_line (start -1.48 0.73) (end -1.48 -0.73) (layer F.CrtYd) (width 0.05))
    (fp_line (start -1.48 -0.73) (end 1.48 -0.73) (layer F.CrtYd) (width 0.05))
    (fp_line (start 1.48 -0.73) (end 1.48 0.73) (layer F.CrtYd) (width 0.05))
    (fp_line (start 1.48 0.73) (end -1.48 0.73) (layer F.CrtYd) (width 0.05))
    (fp_text user %R (at 0 0) (layer F.Fab)
      (effects (font (size 0.4 0.4) (thickness 0.06)))
    )
    (pad 1 smd roundrect (at -0.7875 0) (size 0.875 0.95) (layers F.Cu F.Paste F.Mask) (roundrect_rratio 0.25)
      (net 3 +3V3))
    (pad 2 smd roundrect (at 0.7875 0) (size 0.875 0.95) (layers F.Cu F.Paste F.Mask) (roundrect_rratio 0.25)
      (net 180 ARB1_o_n))
    (model ${KISYS3DMOD}/Resistor_SMD.3dshapes/R_0603_1608Metric.wrl
      (at (xyz 0 0 0))
      (scale (xyz 1 1 1))
      (rotate (xyz 0 0 0))
    )
  )

  (module Resistor_SMD:R_0603_1608Metric (layer F.Cu) (tedit 5B301BBD) (tstamp 61E9933A)
    (at 135.9 89.6 90)
    (descr "Resistor SMD 0603 (1608 Metric), square (rectangular) end terminal, IPC_7351 nominal, (Body size source: http://www.tortai-tech.com/upload/download/2011102023233369053.pdf), generated with kicad-footprint-generator")
    (tags resistor)
    (path /618F532C/621DAD00)
    (attr smd)
    (fp_text reference R44 (at 0 -1.43 90) (layer F.SilkS)
      (effects (font (size 1 1) (thickness 0.15)))
    )
    (fp_text value 10k (at 0 1.43 90) (layer F.Fab)
      (effects (font (size 1 1) (thickness 0.15)))
    )
    (fp_text user %R (at 0 0 90) (layer F.Fab)
      (effects (font (size 0.4 0.4) (thickness 0.06)))
    )
    (fp_line (start 1.48 0.73) (end -1.48 0.73) (layer F.CrtYd) (width 0.05))
    (fp_line (start 1.48 -0.73) (end 1.48 0.73) (layer F.CrtYd) (width 0.05))
    (fp_line (start -1.48 -0.73) (end 1.48 -0.73) (layer F.CrtYd) (width 0.05))
    (fp_line (start -1.48 0.73) (end -1.48 -0.73) (layer F.CrtYd) (width 0.05))
    (fp_line (start -0.162779 0.51) (end 0.162779 0.51) (layer F.SilkS) (width 0.12))
    (fp_line (start -0.162779 -0.51) (end 0.162779 -0.51) (layer F.SilkS) (width 0.12))
    (fp_line (start 0.8 0.4) (end -0.8 0.4) (layer F.Fab) (width 0.1))
    (fp_line (start 0.8 -0.4) (end 0.8 0.4) (layer F.Fab) (width 0.1))
    (fp_line (start -0.8 -0.4) (end 0.8 -0.4) (layer F.Fab) (width 0.1))
    (fp_line (start -0.8 0.4) (end -0.8 -0.4) (layer F.Fab) (width 0.1))
    (pad 2 smd roundrect (at 0.7875 0 90) (size 0.875 0.95) (layers F.Cu F.Paste F.Mask) (roundrect_rratio 0.25)
      (net 182 ARB2_o_n))
    (pad 1 smd roundrect (at -0.7875 0 90) (size 0.875 0.95) (layers F.Cu F.Paste F.Mask) (roundrect_rratio 0.25)
      (net 3 +3V3))
    (model ${KISYS3DMOD}/Resistor_SMD.3dshapes/R_0603_1608Metric.wrl
      (at (xyz 0 0 0))
      (scale (xyz 1 1 1))
      (rotate (xyz 0 0 0))
    )
  )

  (module Resistor_SMD:R_0603_1608Metric (layer F.Cu) (tedit 5B301BBD) (tstamp 61E99329)
    (at 139.6 84.9 180)
    (descr "Resistor SMD 0603 (1608 Metric), square (rectangular) end terminal, IPC_7351 nominal, (Body size source: http://www.tortai-tech.com/upload/download/2011102023233369053.pdf), generated with kicad-footprint-generator")
    (tags resistor)
    (path /618F532C/621DDFFF)
    (attr smd)
    (fp_text reference R45 (at 0 -1.43 180) (layer F.SilkS)
      (effects (font (size 1 1) (thickness 0.15)))
    )
    (fp_text value 10k (at 0 1.43 180) (layer F.Fab)
      (effects (font (size 1 1) (thickness 0.15)))
    )
    (fp_line (start -0.8 0.4) (end -0.8 -0.4) (layer F.Fab) (width 0.1))
    (fp_line (start -0.8 -0.4) (end 0.8 -0.4) (layer F.Fab) (width 0.1))
    (fp_line (start 0.8 -0.4) (end 0.8 0.4) (layer F.Fab) (width 0.1))
    (fp_line (start 0.8 0.4) (end -0.8 0.4) (layer F.Fab) (width 0.1))
    (fp_line (start -0.162779 -0.51) (end 0.162779 -0.51) (layer F.SilkS) (width 0.12))
    (fp_line (start -0.162779 0.51) (end 0.162779 0.51) (layer F.SilkS) (width 0.12))
    (fp_line (start -1.48 0.73) (end -1.48 -0.73) (layer F.CrtYd) (width 0.05))
    (fp_line (start -1.48 -0.73) (end 1.48 -0.73) (layer F.CrtYd) (width 0.05))
    (fp_line (start 1.48 -0.73) (end 1.48 0.73) (layer F.CrtYd) (width 0.05))
    (fp_line (start 1.48 0.73) (end -1.48 0.73) (layer F.CrtYd) (width 0.05))
    (fp_text user %R (at 0 0 180) (layer F.Fab)
      (effects (font (size 0.4 0.4) (thickness 0.06)))
    )
    (pad 1 smd roundrect (at -0.7875 0 180) (size 0.875 0.95) (layers F.Cu F.Paste F.Mask) (roundrect_rratio 0.25)
      (net 3 +3V3))
    (pad 2 smd roundrect (at 0.7875 0 180) (size 0.875 0.95) (layers F.Cu F.Paste F.Mask) (roundrect_rratio 0.25)
      (net 181 ARB3_o_n))
    (model ${KISYS3DMOD}/Resistor_SMD.3dshapes/R_0603_1608Metric.wrl
      (at (xyz 0 0 0))
      (scale (xyz 1 1 1))
      (rotate (xyz 0 0 0))
    )
  )

  (module Capacitor_SMD:C_0805_2012Metric (layer F.Cu) (tedit 5B36C52B) (tstamp 61FCFBE1)
    (at 131.3 56.1)
    (descr "Capacitor SMD 0805 (2012 Metric), square (rectangular) end terminal, IPC_7351 nominal, (Body size source: https://docs.google.com/spreadsheets/d/1BsfQQcO9C6DZCsRaXUlFlo91Tg2WpOkGARC1WS5S8t0/edit?usp=sharing), generated with kicad-footprint-generator")
    (tags capacitor)
    (path /618E8C75/621FCA7B)
    (attr smd)
    (fp_text reference C3 (at 0 -1.65) (layer F.SilkS)
      (effects (font (size 1 1) (thickness 0.15)))
    )
    (fp_text value "47uF 10V+" (at 0 1.65) (layer F.Fab)
      (effects (font (size 1 1) (thickness 0.15)))
    )
    (fp_line (start -1 0.6) (end -1 -0.6) (layer F.Fab) (width 0.1))
    (fp_line (start -1 -0.6) (end 1 -0.6) (layer F.Fab) (width 0.1))
    (fp_line (start 1 -0.6) (end 1 0.6) (layer F.Fab) (width 0.1))
    (fp_line (start 1 0.6) (end -1 0.6) (layer F.Fab) (width 0.1))
    (fp_line (start -0.258578 -0.71) (end 0.258578 -0.71) (layer F.SilkS) (width 0.12))
    (fp_line (start -0.258578 0.71) (end 0.258578 0.71) (layer F.SilkS) (width 0.12))
    (fp_line (start -1.68 0.95) (end -1.68 -0.95) (layer F.CrtYd) (width 0.05))
    (fp_line (start -1.68 -0.95) (end 1.68 -0.95) (layer F.CrtYd) (width 0.05))
    (fp_line (start 1.68 -0.95) (end 1.68 0.95) (layer F.CrtYd) (width 0.05))
    (fp_line (start 1.68 0.95) (end -1.68 0.95) (layer F.CrtYd) (width 0.05))
    (fp_text user %R (at 0 0) (layer F.Fab)
      (effects (font (size 0.5 0.5) (thickness 0.08)))
    )
    (pad 1 smd roundrect (at -0.9375 0) (size 0.975 1.4) (layers F.Cu F.Paste F.Mask) (roundrect_rratio 0.25)
      (net 4 +5V))
    (pad 2 smd roundrect (at 0.9375 0) (size 0.975 1.4) (layers F.Cu F.Paste F.Mask) (roundrect_rratio 0.25)
      (net 1 GND))
    (model ${KISYS3DMOD}/Capacitor_SMD.3dshapes/C_0805_2012Metric.wrl
      (at (xyz 0 0 0))
      (scale (xyz 1 1 1))
      (rotate (xyz 0 0 0))
    )
  )

  (module LED_SMD:LED_0805_2012Metric (layer F.Cu) (tedit 5B36C52C) (tstamp 61FCB2E5)
    (at 114.8 15.5 90)
    (descr "LED SMD 0805 (2012 Metric), square (rectangular) end terminal, IPC_7351 nominal, (Body size source: https://docs.google.com/spreadsheets/d/1BsfQQcO9C6DZCsRaXUlFlo91Tg2WpOkGARC1WS5S8t0/edit?usp=sharing), generated with kicad-footprint-generator")
    (tags diode)
    (path /618E8C75/621E3C57)
    (attr smd)
    (fp_text reference D3 (at 0 -1.65 90) (layer F.SilkS)
      (effects (font (size 1 1) (thickness 0.15)))
    )
    (fp_text value BLUE (at 0 1.65 90) (layer F.Fab)
      (effects (font (size 1 1) (thickness 0.15)))
    )
    (fp_line (start 1 -0.6) (end -0.7 -0.6) (layer F.Fab) (width 0.1))
    (fp_line (start -0.7 -0.6) (end -1 -0.3) (layer F.Fab) (width 0.1))
    (fp_line (start -1 -0.3) (end -1 0.6) (layer F.Fab) (width 0.1))
    (fp_line (start -1 0.6) (end 1 0.6) (layer F.Fab) (width 0.1))
    (fp_line (start 1 0.6) (end 1 -0.6) (layer F.Fab) (width 0.1))
    (fp_line (start 1 -0.96) (end -1.685 -0.96) (layer F.SilkS) (width 0.12))
    (fp_line (start -1.685 -0.96) (end -1.685 0.96) (layer F.SilkS) (width 0.12))
    (fp_line (start -1.685 0.96) (end 1 0.96) (layer F.SilkS) (width 0.12))
    (fp_line (start -1.68 0.95) (end -1.68 -0.95) (layer F.CrtYd) (width 0.05))
    (fp_line (start -1.68 -0.95) (end 1.68 -0.95) (layer F.CrtYd) (width 0.05))
    (fp_line (start 1.68 -0.95) (end 1.68 0.95) (layer F.CrtYd) (width 0.05))
    (fp_line (start 1.68 0.95) (end -1.68 0.95) (layer F.CrtYd) (width 0.05))
    (fp_text user %R (at 0 0 90) (layer F.Fab)
      (effects (font (size 0.5 0.5) (thickness 0.08)))
    )
    (pad 1 smd roundrect (at -0.9375 0 90) (size 0.975 1.4) (layers F.Cu F.Paste F.Mask) (roundrect_rratio 0.25)
      (net 1 GND))
    (pad 2 smd roundrect (at 0.9375 0 90) (size 0.975 1.4) (layers F.Cu F.Paste F.Mask) (roundrect_rratio 0.25)
      (net 134 "Net-(D3-Pad2)"))
    (model ${KISYS3DMOD}/LED_SMD.3dshapes/LED_0805_2012Metric.wrl
      (at (xyz 0 0 0))
      (scale (xyz 1 1 1))
      (rotate (xyz 0 0 0))
    )
  )

  (module Resistor_SMD:R_0603_1608Metric (layer F.Cu) (tedit 5B301BBD) (tstamp 61FCB020)
    (at 114.8 12 270)
    (descr "Resistor SMD 0603 (1608 Metric), square (rectangular) end terminal, IPC_7351 nominal, (Body size source: http://www.tortai-tech.com/upload/download/2011102023233369053.pdf), generated with kicad-footprint-generator")
    (tags resistor)
    (path /618E8C75/621E3C4D)
    (attr smd)
    (fp_text reference R3 (at 0 1.7 270) (layer F.SilkS)
      (effects (font (size 1 1) (thickness 0.15)))
    )
    (fp_text value 549 (at 0 1.43 270) (layer F.Fab)
      (effects (font (size 1 1) (thickness 0.15)))
    )
    (fp_line (start -0.8 0.4) (end -0.8 -0.4) (layer F.Fab) (width 0.1))
    (fp_line (start -0.8 -0.4) (end 0.8 -0.4) (layer F.Fab) (width 0.1))
    (fp_line (start 0.8 -0.4) (end 0.8 0.4) (layer F.Fab) (width 0.1))
    (fp_line (start 0.8 0.4) (end -0.8 0.4) (layer F.Fab) (width 0.1))
    (fp_line (start -0.162779 -0.51) (end 0.162779 -0.51) (layer F.SilkS) (width 0.12))
    (fp_line (start -0.162779 0.51) (end 0.162779 0.51) (layer F.SilkS) (width 0.12))
    (fp_line (start -1.48 0.73) (end -1.48 -0.73) (layer F.CrtYd) (width 0.05))
    (fp_line (start -1.48 -0.73) (end 1.48 -0.73) (layer F.CrtYd) (width 0.05))
    (fp_line (start 1.48 -0.73) (end 1.48 0.73) (layer F.CrtYd) (width 0.05))
    (fp_line (start 1.48 0.73) (end -1.48 0.73) (layer F.CrtYd) (width 0.05))
    (fp_text user %R (at 0 0 270) (layer F.Fab)
      (effects (font (size 0.4 0.4) (thickness 0.06)))
    )
    (pad 1 smd roundrect (at -0.7875 0 270) (size 0.875 0.95) (layers F.Cu F.Paste F.Mask) (roundrect_rratio 0.25)
      (net 3 +3V3))
    (pad 2 smd roundrect (at 0.7875 0 270) (size 0.875 0.95) (layers F.Cu F.Paste F.Mask) (roundrect_rratio 0.25)
      (net 134 "Net-(D3-Pad2)"))
    (model ${KISYS3DMOD}/Resistor_SMD.3dshapes/R_0603_1608Metric.wrl
      (at (xyz 0 0 0))
      (scale (xyz 1 1 1))
      (rotate (xyz 0 0 0))
    )
  )

  (module Capacitor_SMD:C_0603_1608Metric (layer F.Cu) (tedit 5B301BBE) (tstamp 61FA8CE1)
    (at 182.5 72.9 90)
    (descr "Capacitor SMD 0603 (1608 Metric), square (rectangular) end terminal, IPC_7351 nominal, (Body size source: http://www.tortai-tech.com/upload/download/2011102023233369053.pdf), generated with kicad-footprint-generator")
    (tags capacitor)
    (path /618F532C/6218760B)
    (attr smd)
    (fp_text reference C5 (at 2.2 -1.4 90) (layer F.SilkS)
      (effects (font (size 1 1) (thickness 0.15)))
    )
    (fp_text value 100nF (at 0 1.43 90) (layer F.Fab)
      (effects (font (size 1 1) (thickness 0.15)))
    )
    (fp_line (start -0.8 0.4) (end -0.8 -0.4) (layer F.Fab) (width 0.1))
    (fp_line (start -0.8 -0.4) (end 0.8 -0.4) (layer F.Fab) (width 0.1))
    (fp_line (start 0.8 -0.4) (end 0.8 0.4) (layer F.Fab) (width 0.1))
    (fp_line (start 0.8 0.4) (end -0.8 0.4) (layer F.Fab) (width 0.1))
